{
 "cells": [
  {
   "cell_type": "code",
   "execution_count": 1,
   "metadata": {
    "collapsed": true
   },
   "outputs": [],
   "source": [
    "using TrajectoryOptimization\n",
    "using LinearAlgebra\n",
    "using Plots"
   ]
  },
  {
   "cell_type": "markdown",
   "metadata": {},
   "source": [
    "# Define dynamics\n",
    "Dynamics should be defined using in-place operations"
   ]
  },
  {
   "cell_type": "code",
   "execution_count": 2,
   "metadata": {},
   "outputs": [
    {
     "data": {
      "text/plain": [
       "cartpole_dynamics! (generic function with 1 method)"
      ]
     },
     "execution_count": 2,
     "metadata": {},
     "output_type": "execute_result"
    }
   ],
   "source": [
    "function cartpole_dynamics!(Ẋ, X, U)\n",
    "    mc = 10.0;   # mass of the cart in kg (10)\n",
    "    mp = 1.0;    # mass of the pole (point mass at the end) in kg\n",
    "    l = 0.5;   # length of the pole in m\n",
    "    g = 9.81;  # gravity m/s^2\n",
    "\n",
    "    q = X[1:2];\n",
    "    qd = X[3:4];\n",
    "\n",
    "    if isfinite(q[2])\n",
    "        s = sin(q[2])\n",
    "        c = cos(q[2])\n",
    "    else\n",
    "        s = Inf\n",
    "        c = Inf\n",
    "    end\n",
    "\n",
    "    H = [mc+mp mp*l*c; mp*l*c mp*l^2];\n",
    "    C = [0 -mp*qd[2]*l*s; 0 0];\n",
    "    G = [0; mp*g*l*s];\n",
    "    B = [1; 0];\n",
    "\n",
    "    qdd = -H\\(C*qd + G - B*U');\n",
    "\n",
    "    Ẋ[1:2] = qd\n",
    "    Ẋ[3:4] = qdd\n",
    "    return nothing\n",
    "end"
   ]
  },
  {
   "cell_type": "markdown",
   "metadata": {},
   "source": [
    "# Create a model"
   ]
  },
  {
   "cell_type": "code",
   "execution_count": 3,
   "metadata": {},
   "outputs": [
    {
     "data": {
      "text/plain": [
       "TrajectoryOptimization.AnalyticalModel(cartpole_dynamics!, 4, 1)"
      ]
     },
     "execution_count": 3,
     "metadata": {},
     "output_type": "execute_result"
    }
   ],
   "source": [
    "n = 4\n",
    "m = 1\n",
    "\n",
    "model = Model(cartpole_dynamics!,n,m)"
   ]
  },
  {
   "cell_type": "markdown",
   "metadata": {},
   "source": [
    "# Create an objective\n",
    "A constrained objective can be created from an unconstrained objective"
   ]
  },
  {
   "cell_type": "code",
   "execution_count": 4,
   "metadata": {},
   "outputs": [],
   "source": [
    "x0 = [0.0;0.0;0.0;0.0]\n",
    "xf = [0.0;pi;0.0;0.0]\n",
    "\n",
    "Q = 0.01*Diagonal(I,n)\n",
    "Qf = 1000.0*Diagonal(I,n)\n",
    "R = 0.01*Diagonal(I,m)\n",
    "\n",
    "dt = 0.01\n",
    "tf = 5.\n",
    "\n",
    "obj_uncon = LQRObjective(Q, R, Qf, tf, x0, xf)\n",
    "\n",
    "u_min = -30.\n",
    "u_max = 30.\n",
    "\n",
    "x_min = [-Inf;-Inf;-Inf;-Inf]\n",
    "x_max = [Inf; Inf; Inf; Inf]\n",
    "obj_con = ConstrainedObjective(obj_uncon,u_min=u_min, u_max=u_max, x_min=x_min, x_max=x_max);"
   ]
  },
  {
   "cell_type": "markdown",
   "metadata": {},
   "source": [
    "# Create a solver\n",
    "change default options as necessary"
   ]
  },
  {
   "cell_type": "code",
   "execution_count": 5,
   "metadata": {},
   "outputs": [],
   "source": [
    "opts = SolverOptions()\n",
    "opts.verbose = true\n",
    "\n",
    "solver_uncon = Solver(model,obj_uncon,dt=dt,opts=opts)\n",
    "solver_con = Solver(model,obj_con,dt=dt,opts=opts);"
   ]
  },
  {
   "cell_type": "markdown",
   "metadata": {},
   "source": [
    "# Provide initial trajectory\n",
    "either: U; X,U; none"
   ]
  },
  {
   "cell_type": "code",
   "execution_count": 6,
   "metadata": {},
   "outputs": [],
   "source": [
    "U0 = ones(solver_uncon.model.m,solver_uncon.N-1);"
   ]
  },
  {
   "cell_type": "markdown",
   "metadata": {},
   "source": [
    "# Solve problem"
   ]
  },
  {
   "cell_type": "code",
   "execution_count": 7,
   "metadata": {},
   "outputs": [
    {
     "name": "stderr",
     "output_type": "stream",
     "text": [
      "┌ Info: Solving Unconstrained Problem...\n",
      "└ @ TrajectoryOptimization C:\\Users\\taylor howell\\.julia\\dev\\TrajectoryOptimization\\src\\ilqr_methods.jl:267\n",
      "┌ Info: Outer loop 1 (begin)\n",
      "└ @ TrajectoryOptimization C:\\Users\\taylor howell\\.julia\\dev\\TrajectoryOptimization\\src\\solve.jl:173\n",
      "\u001b[32m\u001b[1m    iter cost          expected    actual      z         α         c_max     dJ        ρ         grad      j         zero_count info                                              \u001b[22m\u001b[39m\n",
      "\u001b[32m\u001b[1m____------------------------------------------------------------------------------------------------------------------------------------------------------------------------------\u001b[22m\u001b[39m\n",
      "    1     3219.6158628  2498.69504              1.002034  0.25                2503.777  0e+00     103.5633 1         0          \n",
      "    2     2953.8077918  2402.52472              0.110637  0.5                 265.8081  0e+00     29.8501  1         0          \n",
      "    3     2843.7192767  146.598611              0.750952  0.03125             110.0885  0e+00     16.74342 1         0          \n",
      "    4     2680.3466494  138.716327              1.177746  0.03125             163.3726  0e+00     12.66528 1         0          \n",
      "    5     2549.8734122  248.741147              0.524534  0.0625              130.4732  0e+00     13.91185 1         0          \n",
      "    6     2511.4508285  133.543413              0.287716  0.03125             38.42258  0e+00     12.60357 1         0          \n",
      "    7     2499.365376   300.449535              0.040225  0.0625              12.08545  0e+00     7.513682 1         0          \n",
      "    8     2494.5344895  145.866356              0.033119  0.03125             4.830886  0e+00     12.36913 1         0          \n",
      "    9     2279.2395292  394.369304              0.545922  0.125               215.295   0e+00     8.812855 1         0          \n",
      "    10    1842.8091616  311.730786              1.400023  0.125               436.4304  0e+00     2.475733 1         0          \n",
      "\u001b[32m\u001b[1m    iter cost          expected    actual      z         α         c_max     dJ        ρ         grad      j         zero_count info                                              \u001b[22m\u001b[39m\n",
      "\u001b[32m\u001b[1m____------------------------------------------------------------------------------------------------------------------------------------------------------------------------------\u001b[22m\u001b[39m\n",
      "    11    1549.7808622  211.781745              1.383633  0.125               293.0283  0e+00     2.39396  1         0          \n",
      "    12    1400.7788765  148.232636              1.00519   0.125               149.002   0e+00     3.367577 1         0          \n",
      "    13    1299.3778755  129.592418              0.782461  0.125               101.401   0e+00     4.296925 1         0          \n",
      "    14    1206.3754467  132.531216              0.70174   0.125               93.00243  0e+00     6.254549 1         0          \n",
      "    15    1110.9431971  144.772452              0.659188  0.125               95.43225  0e+00     6.273119 1         0          \n",
      "    16    1087.7273493  302.264766              0.076806  0.25                23.21585  0e+00     5.22995  1         0          \n",
      "    17    981.83487004  409.121949              0.258829  0.25                105.8925  0e+00     4.239228 1         0          \n",
      "    18    885.05745632  114.213032              0.847341  0.0625              96.77741  0e+00     4.233345 1         0          \n",
      "    19    470.7582601   805.504626              0.514335  1                   414.2992  0e+00     2.626675 1         0          \n",
      "    20    374.26607705  155.667914              0.619859  0.25                96.49218  0e+00     5.868034 1         0          \n",
      "\u001b[32m\u001b[1m    iter cost          expected    actual      z         α         c_max     dJ        ρ         grad      j         zero_count info                                              \u001b[22m\u001b[39m\n",
      "\u001b[32m\u001b[1m____------------------------------------------------------------------------------------------------------------------------------------------------------------------------------\u001b[22m\u001b[39m\n",
      "    21    320.07558111  152.082876              0.356322  0.25                54.1905   0e+00     5.590808 1         0          \n",
      "    22    278.24863307  34.6652402              1.206596  0.0625              41.82695  0e+00     5.902512 1         0          \n",
      "    23    233.59937354  31.1427906              1.433695  0.0625              44.64926  0e+00     6.072451 1         0          \n",
      "    24    204.47941982  166.241609              0.175166  0.5                 29.11995  0e+00     5.813087 1         0          \n",
      "    25    174.25139321  44.5655504              0.678282  0.125               30.22803  0e+00     1.837134 1         0          \n",
      "    26    152.22723086  38.1194198              0.577768  0.125               22.02416  0e+00     2.229374 1         0          \n",
      "    27    105.9396771   60.894664               0.760125  0.25                46.28755  0e+00     1.864251 1         0          \n",
      "    28    42.327885952  69.6618816              0.913151  0.5                 63.61179  0e+00     2.071161 1         0          \n",
      "    29    22.827724044  22.5352753              0.865317  0.5                 19.50016  0e+00     2.33152  1         0          \n",
      "    30    19.143030966  4.91940511              0.749012  0.25                3.684693  0e+00     1.954287 1         0          \n",
      "\u001b[32m\u001b[1m    iter cost          expected    actual      z         α         c_max     dJ        ρ         grad      j         zero_count info                                              \u001b[22m\u001b[39m\n",
      "\u001b[32m\u001b[1m____------------------------------------------------------------------------------------------------------------------------------------------------------------------------------\u001b[22m\u001b[39m\n",
      "    31    17.526960315  3.41843557              0.472752  0.25                1.616071  0e+00     1.443624 1         0          \n",
      "    32    17.281724671  2.76880846              0.088571  0.25                0.245236  0e+00     1.16926  1         0          \n",
      "    33    16.084144885  1.45987198              0.820332  0.125               1.19758   0e+00     0.971083 1         0          \n",
      "    34    15.16194591   1.20657104              0.764314  0.125               0.922199  0e+00     0.887274 1         0          \n",
      "    35    14.46329372   1.02467436              0.681829  0.125               0.698652  0e+00     0.836841 1         0          \n",
      "    36    14.323364752  0.91494691              0.152937  0.125               0.139929  0e+00     0.824798 1         0          \n",
      "    37    13.995678555  0.50544277              0.648315  0.0625              0.327686  0e+00     0.966818 1         0          \n",
      "    38    13.649582172  0.48391413              0.715202  0.0625              0.346096  0e+00     0.890854 1         0          \n",
      "    39    13.238732612  0.4425137               0.928445  0.0625              0.41085   0e+00     0.81089  1         0          \n",
      "    40    12.775515068  0.7337113               0.631335  0.125               0.463218  0e+00     0.755528 1         0          \n",
      "\u001b[32m\u001b[1m    iter cost          expected    actual      z         α         c_max     dJ        ρ         grad      j         zero_count info                                              \u001b[22m\u001b[39m\n",
      "\u001b[32m\u001b[1m____------------------------------------------------------------------------------------------------------------------------------------------------------------------------------\u001b[22m\u001b[39m\n",
      "    41    12.273337251  0.65153855              0.770757  0.125               0.502178  0e+00     0.712904 1         0          \n",
      "    42    11.606271488  0.9614631               0.693803  0.25                0.667066  0e+00     0.626216 1         0          \n",
      "    43    11.39233457   1.2094595               0.176886  0.5                 0.213937  0e+00     0.512336 1         0          \n",
      "    44    10.379987278  1.21317595              0.83446   0.5                 1.012347  0e+00     0.446614 1         0          \n",
      "    45    9.5942441753  0.72682468              1.081063  1                   0.785743  0e+00     0.375413 1         0          \n",
      "    46    9.5056929506  0.10671683              0.829778  0.25                0.088551  0e+00     0.231975 1         0          \n"
     ]
    },
    {
     "name": "stderr",
     "output_type": "stream",
     "text": [
      "    47    9.3434848418  0.11179262              1.450973  1                   0.162208  0e+00     0.175725 1         0          \n",
      "    48    9.2995037433  0.06643061              0.662061  0.25                0.043981  0e+00     0.142773 1         0          \n",
      "    49    9.2264901998  0.06737959              1.083615  1                   0.073014  0e+00     0.148036 1         0          \n",
      "    50    9.2003029238  0.10829762              0.241808  0.25                0.026187  0e+00     0.195569 1         0          \n",
      "\u001b[32m\u001b[1m    iter cost          expected    actual      z         α         c_max     dJ        ρ         grad      j         zero_count info                                              \u001b[22m\u001b[39m\n",
      "\u001b[32m\u001b[1m____------------------------------------------------------------------------------------------------------------------------------------------------------------------------------\u001b[22m\u001b[39m\n",
      "    51    9.1735088105  0.07438761              0.360196  0.5                 0.026794  0e+00     0.19624  1         0          \n",
      "    52    9.1661850697  0.09172992              0.07984   0.25                0.007324  0e+00     0.206353 1         0          \n",
      "    53    9.1535157359  0.08310757              0.152445  0.5                 0.012669  0e+00     0.209348 1         0          \n",
      "    54    9.1215808046  0.0699632               0.456453  0.125               0.031935  0e+00     0.252627 1         0          \n",
      "    55    9.06993656    0.04092833              1.261822  1                   0.051644  0e+00     0.094117 1         0          \n",
      "    56    9.0625785344  0.01022694              0.719475  0.5                 0.007358  0e+00     0.066114 1         0          \n",
      "    57    9.0568682731  0.0118779               0.480747  0.25                0.00571   0e+00     0.058546 1         0          \n",
      "    58    9.0539403675  0.01145826              0.255528  0.5                 0.002928  0e+00     0.074822 1         0          \n",
      "    59    9.0485276568  0.02086483              0.259418  0.25                0.005413  0e+00     0.086701 1         0          \n",
      "    60    9.0430854095  0.01149636              0.473389  0.25                0.005442  0e+00     0.099712 1         0          \n",
      "\u001b[32m\u001b[1m    iter cost          expected    actual      z         α         c_max     dJ        ρ         grad      j         zero_count info                                              \u001b[22m\u001b[39m\n",
      "\u001b[32m\u001b[1m____------------------------------------------------------------------------------------------------------------------------------------------------------------------------------\u001b[22m\u001b[39m\n",
      "    61    9.0407600054  0.00963252              0.241412  0.5                 0.002325  0e+00     0.039743 1         0          \n",
      "    62    9.0347663343  0.01535669              0.390297  0.25                0.005994  0e+00     0.111847 1         0          \n",
      "    63    9.0312795988  0.00675432              0.516223  0.25                0.003487  0e+00     0.044555 1         0          \n",
      "    64    9.0295655577  0.00770673              0.222408  0.5                 0.001714  0e+00     0.060714 1         0          \n",
      "    65    9.025940449   0.01518319              0.238758  0.25                0.003625  0e+00     0.073648 1         0          \n",
      "    66    9.0220003956  0.00952776              0.413534  0.25                0.00394   0e+00     0.087665 1         0          \n",
      "    67    9.0217034592  0.00912144              0.032554  0.5                 0.000297  0e+00     0.036995 1         0          \n",
      "    68    9.0160173307  0.01771816              0.320921  0.25                0.005686  0e+00     0.114459 1         0          \n",
      "    69    9.0128201764  0.00835298              0.382756  0.25                0.003197  0e+00     0.052152 1         0          \n",
      "    70    9.0098123407  0.00574383              0.523664  0.25                0.003008  0e+00     0.067093 1         0          \n",
      "\u001b[32m\u001b[1m    iter cost          expected    actual      z         α         c_max     dJ        ρ         grad      j         zero_count info                                              \u001b[22m\u001b[39m\n",
      "\u001b[32m\u001b[1m____------------------------------------------------------------------------------------------------------------------------------------------------------------------------------\u001b[22m\u001b[39m\n",
      "    71    9.0075193457  0.00677179              0.33861   0.5                 0.002293  0e+00     0.028955 1         0          \n",
      "    72    9.0034934009  0.01147272              0.350914  0.25                0.004026  0e+00     0.092259 1         0          \n",
      "    73    9.0005238932  0.00647486              0.458621  0.25                0.00297   0e+00     0.043046 1         0          \n",
      "    74    8.9977335318  0.00474539              0.588015  0.25                0.00279   0e+00     0.060446 1         0          \n",
      "    75    8.9948929768  0.0061273               0.46359   0.5                 0.002841  0e+00     0.026231 1         0          \n",
      "    76    8.9912361997  0.00984982              0.371253  0.25                0.003657  0e+00     0.084508 1         0          \n",
      "    77    8.988282718   0.00605298              0.487939  0.25                0.002953  0e+00     0.041252 1         0          \n",
      "    78    8.9882726066  0.00790809              0.001279  0.5                 1.01e-05  0e+00     0.060089 1         0          \n",
      "\u001b[33m\u001b[1mouteriter iter iterations  info                                    \u001b[22m\u001b[39m\n",
      "\u001b[33m\u001b[1m-------------------------------------------------------------------\u001b[22m\u001b[39m\n",
      "1         78   78          \n",
      "┌ Info: *Solve Complete*\n",
      "└ @ TrajectoryOptimization C:\\Users\\taylor howell\\.julia\\dev\\TrajectoryOptimization\\src\\solve.jl:369\n"
     ]
    },
    {
     "data": {
      "text/plain": [
       "(UnconstrainedVectorResults(Array{Float64,1}[[0.0, 0.0, 0.0, 0.0], [0.000110899, -0.000221762, 0.0221795, -0.0443444], [0.000438097, -0.000875616, 0.0432591, -0.0864029], [0.000970387, -0.00193787, 0.0631972, -0.126009], [0.00169616, -0.00338322, 0.0819544, -0.163008], [0.00260342, -0.00518484, 0.0994943, -0.197252], [0.00367982, -0.00731453, 0.115783, -0.228609], [0.00491271, -0.00974278, 0.13079, -0.256953], [0.00628912, -0.0124389, 0.144488, -0.282175], [0.00779585, -0.0153712, 0.156851, -0.304175]  …  [-0.00131215, 3.13972, 0.0195819, 0.0398223], [-0.00112616, 3.1401, 0.0176164, 0.035562], [-0.00096005, 3.14043, 0.0156063, 0.0312824], [-0.000814265, 3.14072, 0.0135513, 0.0269742], [-0.000689256, 3.14097, 0.0114509, 0.0226281], [-0.00058548, 3.14118, 0.00930457, 0.0182346], [-0.000503399, 3.14134, 0.00711195, 0.0137843], [-0.000443478, 3.14145, 0.00487244, 0.00926718], [-0.000406189, 3.14152, 0.00258551, 0.00467338], [-0.000392009, 3.14155, 0.000250549, -7.33832e-6]], Array{Float64,1}[[22.1802], [21.0847], [19.9515], [18.7831], [17.5818], [16.3502], [15.091], [13.8068], [12.5004], [11.1746]  …  [-1.90097], [-1.94906], [-1.99711], [-2.04513], [-2.09317], [-2.14124], [-2.18937], [-2.2376], [-2.28594], [-2.33442]], Array{Float64,2}[[-3.45326 7.07115 -10.3509 1.48682], [-3.4738 7.19284 -10.3885 1.37226], [-3.49284 7.26223 -10.4214 1.25532], [-3.51032 7.27833 -10.4496 1.13709], [-3.52618 7.24066 -10.4728 1.01867], [-3.54037 7.14923 -10.4909 0.901178], [-3.55288 7.0046 -10.5041 0.785742], [-3.5637 6.80786 -10.5122 0.673466], [-3.57283 6.5606 -10.5154 0.565435], [-3.58032 6.26496 -10.5138 0.462693]  …  [-281.277 -1005.0 291.934 -247.464], [-281.477 -924.628 244.889 -222.06], [-271.91 -832.36 194.754 -196.195], [-252.514 -730.707 143.471 -171.776], [-224.013 -622.962 93.112 -151.181], [-187.79 -512.597 45.3979 -137.363], [-145.623 -402.619 1.01567 -134.437], [-99.3772 -295.056 -41.7297 -149.898], [-50.73 -190.651 -91.574 -203.837], [-0.979819 -88.5302 -195.977 -392.514]], Array{Float64,1}[[1.04565], [1.07151], [1.09484], [1.11557], [1.13361], [1.1489], [1.16138], [1.171], [1.17773], [1.18154]  …  [-3.9608e-8], [-2.82817e-8], [-1.98974e-8], [-1.45314e-8], [-1.20041e-8], [-1.18425e-8], [-1.33274e-8], [-1.55883e-8], [-1.76931e-8], [-1.86283e-8]], Array{Float64,1}[[0.0, 0.0, 0.0, 0.0], [0.000110899, -0.000221762, 0.0221795, -0.0443444], [0.000438097, -0.000875616, 0.0432591, -0.0864029], [0.000970387, -0.00193787, 0.0631972, -0.126009], [0.00169616, -0.00338322, 0.0819544, -0.163008], [0.00260342, -0.00518484, 0.0994943, -0.197252], [0.00367982, -0.00731453, 0.115783, -0.228609], [0.00491271, -0.00974278, 0.13079, -0.256953], [0.00628912, -0.0124389, 0.144488, -0.282175], [0.00779585, -0.0153712, 0.156851, -0.304175]  …  [-0.00131215, 3.13972, 0.0195819, 0.0398223], [-0.00112616, 3.1401, 0.0176164, 0.035562], [-0.00096005, 3.14043, 0.0156063, 0.0312824], [-0.000814265, 3.14072, 0.0135513, 0.0269742], [-0.000689256, 3.14097, 0.0114509, 0.0226281], [-0.00058548, 3.14118, 0.00930457, 0.0182346], [-0.000503399, 3.14134, 0.00711195, 0.0137843], [-0.000443478, 3.14145, 0.00487244, 0.00926718], [-0.000406189, 3.14152, 0.00258551, 0.00467338], [-0.000392009, 3.14155, 0.000250549, -7.33832e-6]], Array{Float64,1}[[22.1802], [21.0847], [19.9515], [18.7831], [17.5818], [16.3502], [15.091], [13.8068], [12.5004], [11.1746]  …  [-1.90097], [-1.94906], [-1.99711], [-2.04513], [-2.09317], [-2.14124], [-2.18937], [-2.2376], [-2.28594], [-2.33442]], Array{Float64,2}[[0.170127 -0.0385282 0.358731 0.00608109; -0.0385282 1.80862 -0.132327 0.29664; 0.358731 -0.132327 1.079 0.0203408; 0.00608109 0.29664 0.0203408 0.0861097], [0.171235 -0.0433041 0.360641 0.00598239; -0.0433041 1.94477 -0.145778 0.296692; 0.360641 -0.145778 1.08253 0.0201514; 0.00598239 0.296692 0.0201514 0.0802854], [0.172358 -0.0481652 0.362574 0.00596948; -0.0481652 2.0808 -0.159374 0.294055; 0.362574 -0.159374 1.0861 0.0202136; 0.00596948 0.294055 0.0202136 0.0744544], [0.173494 -0.0530747 0.364526 0.00604442; -0.0530747 2.21549 -0.173005 0.28873; 0.364526 -0.173005 1.08969 0.0205309; 0.00604442 0.28873 0.0205309 0.0686727], [0.174642 -0.0579943 0.366495 0.00620842; -0.0579943 2.34762 -0.186557 0.280742; 0.366495 -0.186557 1.0933 0.0211046; 0.00620842 0.280742 0.0211046 0.0629965], [0.175801 -0.0628849 0.368476 0.00646189; -0.0628849 2.47595 -0.199916 0.270144; 0.368476 -0.199916 1.09692 0.0219333; 0.00646189 0.270144 0.0219333 0.0574813], [0.17697 -0.067707 0.370467 0.00680435; -0.067707 2.59931 -0.212968 0.257015; 0.370467 -0.212968 1.10054 0.023013; 0.00680435 0.257015 0.023013 0.0521817], [0.178147 -0.0724209 0.372462 0.00723446; -0.0724209 2.71652 -0.225599 0.241461; 0.372462 -0.225599 1.10414 0.0243373; 0.00723446 0.241461 0.0243373 0.0471505], [0.179333 -0.0769875 0.37446 0.00775005; -0.0769875 2.82648 -0.237699 0.223611; 0.37446 -0.237699 1.10771 0.0258974; 0.00775005 0.223611 0.0258974 0.0424379], [0.180524 -0.0813685 0.376456 0.00834807; -0.0813685 2.92816 -0.249162 0.203618; 0.376456 -0.249162 1.11125 0.027682; 0.00834807 0.203618 0.027682 0.0380914]  …  [957.524 -146.199 109.813 -39.1577; -146.199 1360.59 -653.64 379.365; 109.813 -653.64 794.378 -412.293; -39.1577 379.365 -412.293 218.977], [967.29 -108.398 91.6434 -30.3407; -108.398 1316.39 -598.608 347.119; 91.6434 -598.608 799.84 -412.287; -30.3407 347.119 -412.287 217.542], [976.397 -76.2646 75.3572 -22.9862; -76.2646 1266.83 -536.344 310.749; 75.3572 -536.344 802.907 -410.986; -22.9862 310.749 -410.986 215.508], [984.284 -50.34 61.0327 -17.1015; -50.34 1214.05 -467.915 270.962; 61.0327 -467.915 804.134 -408.776; -17.1015 270.962 -408.776 213.19], [990.573 -30.6365 48.5131 -12.5401; -30.6365 1160.93 -394.657 228.612; 48.5131 -394.657 804.151 -406.065; -12.5401 228.612 -406.065 210.943], [995.113 -16.6879 37.4643 -9.04399; -16.6879 1110.71 -317.966 184.566; 37.4643 -317.966 803.568 -403.199; -9.04399 184.566 -403.199 209.153], [997.991 -7.67948 27.4643 -6.30484; -7.67948 1066.68 -239.119 139.581; 27.4643 -239.119 802.919 -400.369; -6.30484 139.581 -400.369 208.293], [999.483 -2.60384 18.096 -4.02465; -2.60384 1031.86 -159.135 94.2227; 18.096 -159.135 802.72 -397.402; -4.02465 94.2227 -397.402 209.285], [999.995 -0.3936 9.0201 -1.96244; -0.3936 1008.87 -78.7236 48.8163; 9.0201 -78.7236 804.107 -392.498; -1.96244 48.8163 -392.498 216.043], [1000.0 0.0 0.0 0.0; 0.0 1000.0 0.0 0.0; 0.0 0.0 1000.0 0.0; 0.0 0.0 0.0 1000.0]], Array{Float64,1}[[-0.109174, 5.18732, -0.393723, 0.964848], [-0.10954, 5.39484, -0.393725, 0.91208], [-0.109917, 5.59082, -0.393755, 0.85729], [-0.110305, 5.77482, -0.393812, 0.800594], [-0.110701, 5.94646, -0.393892, 0.742113], [-0.111106, 6.10534, -0.393991, 0.681972], [-0.111518, 6.25111, -0.394106, 0.620299], [-0.111936, 6.38344, -0.394233, 0.557226], [-0.112359, 6.50202, -0.394367, 0.492891], [-0.112785, 6.60656, -0.394506, 0.42743]  …  [-0.278473, -0.101782, 0.185309, -0.00063175], [-0.278473, -0.103586, 0.188092, 0.000391012], [-0.278472, -0.10564, 0.190875, 0.00143348], [-0.278472, -0.10795, 0.193658, 0.00249818], [-0.278472, -0.110519, 0.196441, 0.00358768], [-0.278472, -0.113354, 0.199225, 0.00470462], [-0.278472, -0.11646, 0.202009, 0.00585168], [-0.278472, -0.119845, 0.204793, 0.00703162], [-0.278472, -0.123515, 0.207577, 0.00824728], [-0.278472, -0.12748, 0.210361, 0.00950159]], Array{Float64,2}[[1.0 4.90427e-5 0.01 1.63512e-7; 0.0 0.998921 0.0 0.0099964; 0.0 0.0098071 1.0 4.90482e-5; 0.0 -0.215747 0.0 0.998921], [1.0 4.90576e-5 0.01 1.63686e-7; 0.0 0.998921 0.0 0.0099964; 0.0 0.00981063 1.0 4.91005e-5; 0.0 -0.215771 0.0 0.998921], [1.0 4.90874e-5 0.01 1.64252e-7; 0.0 0.998921 0.0 0.0099964; 0.0 0.00981704 1.0 4.92429e-5; 0.0 -0.215815 0.0 0.99892], [1.0 4.91286e-5 0.01 1.65402e-7; 0.0 0.99892 0.0 0.0099964; 0.0 0.0098256 1.0 4.95107e-5; 0.0 -0.215873 0.0 0.99892], [1.0 4.91772e-5 0.01 1.67275e-7; 0.0 0.99892 0.0 0.00999639; 0.0 0.00983555 1.0 4.99288e-5; 0.0 -0.21594 0.0 0.998919], [1.0 4.92296e-5 0.01 1.69957e-7; 0.0 0.99892 0.0 0.00999639; 0.0 0.00984614 1.0 5.05114e-5; 0.0 -0.216009 0.0 0.998917], [1.0 4.92821e-5 0.01 1.73484e-7; 0.0 0.99892 0.0 0.00999638; 0.0 0.00985664 1.0 5.12625e-5; 0.0 -0.216075 0.0 0.998915], [1.0 4.93312e-5 0.01 1.77838e-7; 0.0 0.998919 0.0 0.00999637; 0.0 0.00986635 1.0 5.21761e-5; 0.0 -0.216133 0.0 0.998913], [1.0 4.93736e-5 0.01 1.82957e-7; 0.0 0.998919 0.0 0.00999636; 0.0 0.00987463 1.0 5.32373e-5; 0.0 -0.216178 0.0 0.998911], [1.0 4.94064e-5 0.01 1.88736e-7; 0.0 0.998919 0.0 0.00999635; 0.0 0.00988089 1.0 5.44225e-5; 0.0 -0.216206 0.0 0.998909]  …  [1.0 4.90501e-5 0.01 1.63919e-7; 0.0 1.00108 0.0 0.0100036; 0.0 0.00981185 1.0 4.9136e-5; 0.0 0.215886 0.0 1.00108], [1.0 4.90517e-5 0.01 1.63807e-7; 0.0 1.00108 0.0 0.0100036; 0.0 0.00981216 1.0 4.91148e-5; 0.0 0.215888 0.0 1.00108], [1.0 4.90532e-5 0.01 1.63717e-7; 0.0 1.00108 0.0 0.0100036; 0.0 0.00981244 1.0 4.9098e-5; 0.0 0.21589 0.0 1.00108], [1.0 4.90544e-5 0.01 1.63647e-7; 0.0 1.00108 0.0 0.0100036; 0.0 0.00981269 1.0 4.9085e-5; 0.0 0.215892 0.0 1.00108], [1.0 4.90555e-5 0.01 1.63594e-7; 0.0 1.00108 0.0 0.0100036; 0.0 0.0098129 1.0 4.90753e-5; 0.0 0.215893 0.0 1.00108], [1.0 4.90565e-5 0.01 1.63556e-7; 0.0 1.00108 0.0 0.0100036; 0.0 0.00981308 1.0 4.90684e-5; 0.0 0.215894 0.0 1.00108], [1.0 4.90572e-5 0.01 1.6353e-7; 0.0 1.00108 0.0 0.0100036; 0.0 0.00981323 1.0 4.90638e-5; 0.0 0.215895 0.0 1.00108], [1.0 4.90578e-5 0.01 1.63514e-7; 0.0 1.00108 0.0 0.0100036; 0.0 0.00981335 1.0 4.90611e-5; 0.0 0.215896 0.0 1.00108], [1.0 4.90582e-5 0.01 1.63506e-7; 0.0 1.00108 0.0 0.0100036; 0.0 0.00981342 1.0 4.90596e-5; 0.0 0.215897 0.0 1.00108], [1.0 4.90585e-5 0.01 1.63501e-7; 0.0 1.00108 0.0 0.0100036; 0.0 0.00981346 1.0 4.90588e-5; 0.0 0.215897 0.0 1.00108]], Array{Float64,2}[[4.99992e-6; -9.9982e-6; 0.000999967; -0.00199928], [4.99992e-6; -9.9982e-6; 0.000999967; -0.00199928], [4.99992e-6; -9.99819e-6; 0.000999967; -0.00199928], [4.99991e-6; -9.99816e-6; 0.000999966; -0.00199927], [4.99991e-6; -9.9981e-6; 0.000999965; -0.00199926], [4.9999e-6; -9.99799e-6; 0.000999962; -0.00199923], [4.99988e-6; -9.99781e-6; 0.000999958; -0.00199919], [4.99985e-6; -9.99754e-6; 0.000999952; -0.00199913], [4.99982e-6; -9.99715e-6; 0.000999945; -0.00199905], [4.99977e-6; -9.99664e-6; 0.000999935; -0.00199894]  …  [5.00008e-6; 1.00018e-5; 0.00100003; 0.00200071], [5.00008e-6; 1.00018e-5; 0.00100003; 0.00200072], [5.00008e-6; 1.00018e-5; 0.00100003; 0.00200072], [5.00008e-6; 1.00018e-5; 0.00100003; 0.00200072], [5.00008e-6; 1.00018e-5; 0.00100003; 0.00200072], [5.00008e-6; 1.00018e-5; 0.00100003; 0.00200072], [5.00008e-6; 1.00018e-5; 0.00100003; 0.00200072], [5.00008e-6; 1.00018e-5; 0.00100003; 0.00200072], [5.00008e-6; 1.00018e-5; 0.00100003; 0.00200072], [5.00008e-6; 1.00018e-5; 0.00100003; 0.00200072]], [0.0], [0.0], TrajectoryOptimization.BackwardPass(Array{Float64,1}[[-0.10954, 5.18806, -0.39482, 0.965006], [-0.109917, 5.39563, -0.394852, 0.912229], [-0.110305, 5.59162, -0.394911, 0.857429], [-0.110701, 5.77565, -0.394993, 0.800723], [-0.111106, 5.94729, -0.395094, 0.74223], [-0.111518, 6.10617, -0.395211, 0.682076], [-0.111936, 6.25194, -0.395341, 0.620391], [-0.112359, 6.38425, -0.395478, 0.557306], [-0.112785, 6.5028, -0.39562, 0.492958], [-0.113213, 6.60731, -0.395763, 0.427486]  …  [-0.278473, -0.100223, 0.182526, -0.00163729], [-0.278473, -0.101782, 0.185309, -0.00063175], [-0.278473, -0.103586, 0.188092, 0.000391012], [-0.278472, -0.10564, 0.190875, 0.00143348], [-0.278472, -0.10795, 0.193658, 0.00249818], [-0.278472, -0.110519, 0.196441, 0.00358768], [-0.278472, -0.113354, 0.199225, 0.00470462], [-0.278472, -0.11646, 0.202009, 0.00585168], [-0.278472, -0.119845, 0.204793, 0.00703163], [-0.278472, -0.123515, 0.207577, 0.00824732]], Array{Float64,1}[[-0.000105968], [-0.000108567], [-0.000110908], [-0.000112984], [-0.000114787], [-0.000116309], [-0.000117547], [-0.000118495], [-0.00011915], [-0.000119512]  …  [4.90018e-12], [3.48608e-12], [2.45067e-12], [1.79761e-12], [1.50428e-12], [1.52484e-12], [1.80882e-12], [2.3554e-12], [3.51916e-12], [9.50613e-11]], Array{Float64,2}[[0.171335 -0.0410028 0.362353 0.00556076; -0.0410028 1.81368 -0.139744 0.297706; 0.362353 -0.139744 1.08986 0.0187811; 0.00556076 0.297706 0.0187811 0.0863338], [0.172458 -0.0458358 0.364297 0.00549939; -0.0458358 1.95001 -0.153349 0.297692; 0.364297 -0.153349 1.09347 0.018707; 0.00549939 0.297692 0.018707 0.0804762], [0.173594 -0.0507348 0.366261 0.00552531; -0.0507348 2.08614 -0.167041 0.294979; 0.366261 -0.167041 1.0971 0.0188883; 0.00552531 0.294979 0.0188883 0.0746141], [0.174742 -0.0556623 0.368241 0.00564015; -0.0556623 2.22086 -0.180708 0.289568; 0.368241 -0.180708 1.10075 0.0193275; 0.00564015 0.289568 0.0193275 0.0688037], [0.175901 -0.0605796 0.370234 0.0058447; -0.0605796 2.35293 -0.194235 0.281489; 0.370234 -0.194235 1.10441 0.0200244; 0.0058447 0.281489 0.0200244 0.0631016], [0.17707 -0.0654473 0.372236 0.0061389; -0.0654473 2.48113 -0.207509 0.270796; 0.372236 -0.207509 1.10806 0.0209762; 0.0061389 0.270796 0.0209762 0.0575635], [0.178247 -0.0702258 0.374244 0.00652179; -0.0702258 2.60427 -0.220415 0.257573; 0.374244 -0.220415 1.11171 0.0221776; 0.00652179 0.257573 0.0221776 0.0522442], [0.179433 -0.0748759 0.376253 0.0069916; -0.0748759 2.72121 -0.232841 0.241925; 0.376253 -0.232841 1.11532 0.0236209; 0.0069916 0.241925 0.0236209 0.0471964], [0.180624 -0.0793589 0.378261 0.00754566; -0.0793589 2.83084 -0.244678 0.223986; 0.378261 -0.244678 1.1189 0.0252958; 0.00754566 0.223986 0.0252958 0.0424703], [0.181821 -0.0836373 0.380263 0.00818051; -0.0836373 2.93213 -0.255824 0.203911; 0.380263 -0.255824 1.12243 0.02719; 0.00818051 0.203911 0.02719 0.0381131]  …  [957.525 -153.686 119.388 -40.6569; -153.686 1523.18 -737.09 437.802; 119.388 -737.09 796.67 -419.644; -40.6569 437.802 -419.644 227.143], [967.29 -114.118 101.316 -31.4531; -114.118 1465.97 -681.55 404.673; 101.316 -681.55 801.77 -418.996; -31.4531 404.673 -418.996 225.055], [976.397 -80.5221 85.1211 -23.7701; -80.5221 1401.72 -618.574 367.233; 85.1211 -618.574 804.512 -416.994; -23.7701 367.233 -416.994 222.283], [984.284 -53.4392 70.8755 -17.6204; -53.4392 1332.88 -549.313 326.276; 70.8755 -549.313 805.453 -414.035; -17.6204 326.276 -414.035 219.158], [990.573 -32.8522 58.4188 -12.8576; -32.8522 1262.68 -475.184 282.764; 58.4188 -475.184 805.221 -410.54; -12.8576 282.764 -410.54 216.054], [995.113 -18.242 47.4154 -9.21869; -18.242 1194.76 -397.653 237.678; 47.4154 -397.653 804.417 -406.868; -9.21869 237.678 -406.868 213.373], [997.991 -8.73048 37.4442 -6.38696; -8.73048 1132.71 -318.022 191.912; 37.4442 -318.022 803.568 -403.218; -6.38696 191.912 -403.218 211.606], [999.484 -3.24895 28.0909 -4.05399; -3.24895 1079.84 -237.259 146.264; 28.0909 -237.259 803.182 -399.424; -4.05399 146.264 -399.424 211.689], [999.995 -0.680133 19.0201 -1.96789; -0.680133 1039.09 -155.663 101.952; 19.0201 -155.663 804.388 -393.689; -1.96789 101.952 -393.689 217.549], [1000.0 0.0490585 10.0 0.000163501; 0.0490585 1048.87 9.81395 226.145; 10.0 9.81395 1000.1 0.0490605; 0.000163501 226.145 0.0490605 1002.26]], Array{Float64,2}[[0.000349958 -0.000716599 0.00104897 -0.000150676], [0.000351971 -0.000728789 0.00105258 -0.000139039], [0.000353828 -0.000735669 0.0010557 -0.000127165], [0.000355523 -0.000737145 0.00105833 -0.000115164], [0.000357052 -0.000733171 0.00106045 -0.000103148], [0.000358411 -0.000723755 0.00106205 -9.12311e-5], [0.000359598 -0.000708958 0.00106315 -7.95274e-5], [0.000360615 -0.000688895 0.00106374 -6.81489e-5], [0.000361463 -0.000663734 0.00106384 -5.72049e-5], [0.000362145 -0.000633693 0.00106346 -4.68008e-5]  …  [0.0347987 0.124336 -0.0361172 0.0306155], [0.0346957 0.113972 -0.0301858 0.0273718], [0.03349 0.102518 -0.023987 0.0241645], [0.0312373 0.0903925 -0.0177482 0.0212496], [0.028072 0.078066 -0.0116683 0.0189452], [0.0241797 0.0660019 -0.00584542 0.0176868], [0.0197642 0.0546442 -0.000137848 0.018246], [0.0150159 0.044583 0.00630536 0.0226496], [0.0100902 0.0379206 0.0182141 0.0405432], [0.00500008 0.451776 1.00008 2.00303]], Array{Float64,2}[[0.000101341], [0.000101321], [0.000101301], [0.000101279], [0.000101258], [0.000101235], [0.000101213], [0.000101191], [0.00010117], [0.000101149]  …  [0.000123717], [0.000123263], [0.000123166], [0.000123705], [0.000125314], [0.00012876], [0.000135722], [0.0001511], [0.000198901], [0.00510307]], Array{Float64,2}[[0.000349958 -0.000716599 0.00104897 -0.000150676], [0.000351971 -0.000728789 0.00105258 -0.000139039], [0.000353828 -0.000735669 0.0010557 -0.000127165], [0.000355523 -0.000737145 0.00105833 -0.000115164], [0.000357052 -0.000733171 0.00106045 -0.000103148], [0.000358411 -0.000723755 0.00106205 -9.12311e-5], [0.000359598 -0.000708958 0.00106315 -7.95274e-5], [0.000360615 -0.000688895 0.00106374 -6.81489e-5], [0.000361463 -0.000663734 0.00106384 -5.72049e-5], [0.000362145 -0.000633693 0.00106346 -4.68008e-5]  …  [0.0347987 0.124336 -0.0361172 0.0306155], [0.0346957 0.113972 -0.0301858 0.0273718], [0.03349 0.102518 -0.023987 0.0241645], [0.0312373 0.0903925 -0.0177482 0.0212496], [0.028072 0.078066 -0.0116683 0.0189452], [0.0241797 0.0660019 -0.00584542 0.0176868], [0.0197642 0.0546442 -0.000137848 0.018246], [0.0150159 0.044583 0.00630536 0.0226496], [0.0100902 0.0379206 0.0182141 0.0405432], [0.00500008 0.451776 1.00008 2.00303]], Array{Float64,2}[[0.000101341], [0.000101321], [0.000101301], [0.000101279], [0.000101258], [0.000101235], [0.000101213], [0.000101191], [0.00010117], [0.000101149]  …  [0.000123717], [0.000123263], [0.000123166], [0.000123705], [0.000125314], [0.00012876], [0.000135722], [0.0001511], [0.000198901], [0.00510307]])), Dict{String,Any}(\"S condition number\"=>[1376.6, 2275.27, 99048.2, 63437.1, 27714.5, 7807.61, 9182.52, 55584.5, 81695.4, 2.06102e5  …  1.04404e6, 1.04431e6, 1.04707e6, 1.04774e6, 1.05133e6, 1.05222e6, 1.05313e6, 1.05692e6, 1.05453e6, 1.05648e6],\"c_max\"=>Float64[],\"outer loop iterations\"=>1,\"setup_time\"=>2.90556,\"iterations\"=>78,\"Quu condition number\"=>[1.0, 1.0, 1.0, 1.0, 1.0, 1.0, 1.0, 1.0, 1.0, 1.0  …  1.0, 1.0, 1.0, 1.0, 1.0, 1.0, 1.0, 1.0, 1.0, 1.0],\"outer loop iteration index\"=>[78],\"gradient norm\"=>[103.563, 29.8501, 16.7434, 12.6653, 13.9119, 12.6036, 7.51368, 12.3691, 8.81286, 2.47573  …  0.0521521, 0.0670931, 0.0289553, 0.0922592, 0.0430457, 0.0604456, 0.0262313, 0.0845077, 0.0412524, 0.0600891],\"cost\"=>[5723.39, 3219.62, 2953.81, 2843.72, 2680.35, 2549.87, 2511.45, 2499.37, 2494.53, 2279.24  …  9.01282, 9.00981, 9.00752, 9.00349, 9.00052, 8.99773, 8.99489, 8.99124, 8.98828, 8.98827],\"runtime\"=>30.4892…))"
      ]
     },
     "execution_count": 7,
     "metadata": {},
     "output_type": "execute_result"
    }
   ],
   "source": [
    "results_uncon, stats_uncon = solve(solver_uncon,U0)"
   ]
  },
  {
   "cell_type": "code",
   "execution_count": 8,
   "metadata": {},
   "outputs": [],
   "source": [
    "@assert norm(results_uncon.X[end] - xf) < 1e-3"
   ]
  },
  {
   "cell_type": "code",
   "execution_count": 9,
   "metadata": {},
   "outputs": [
    {
     "name": "stderr",
     "output_type": "stream",
     "text": [
      "┌ Info: Solving Constrained Problem...\n",
      "└ @ TrajectoryOptimization C:\\Users\\taylor howell\\.julia\\dev\\TrajectoryOptimization\\src\\ilqr_methods.jl:267\n",
      "┌ Info: Outer loop 1 (begin)\n",
      "└ @ TrajectoryOptimization C:\\Users\\taylor howell\\.julia\\dev\\TrajectoryOptimization\\src\\solve.jl:173\n",
      "\u001b[32m\u001b[1m    iter cost          expected    actual      z         α         c_max     dJ        ρ         grad      j         zero_count info                                              \u001b[22m\u001b[39m\n",
      "\u001b[32m\u001b[1m____------------------------------------------------------------------------------------------------------------------------------------------------------------------------------\u001b[22m\u001b[39m\n",
      "    1     3562.5792283  2501.19888              0.866199  0.25      24.51345  2166.537  0e+00     103.5963 1         0          \n",
      "    2     2760.5170676  831.15558               0.964996  0.125     21.47773  802.0622  0e+00     31.30525 1         0          \n",
      "    3     2614.4122926  643.008255              0.227221  0.125     18.77503  146.1048  0e+00     21.31245 1         0          \n",
      "    4     2314.0461883  314.599857              0.954756  0.0625    17.60185  300.3661  0e+00     15.38191 1         0          \n",
